1,1,208.54,251.12,94.65,39.49000000000001,1,1,1.0
1,2,121.7,333.9,135.0,58.94,1,1,1.0
1,3,733.67,266.78,71.83000000000004,38.28000000000003,1,1,1.0
2,1,208.54,251.12,94.65,40.18000000000001,1,1,1.0
2,2,98.08,337.5,138.01999999999998,59.45999999999998,1,1,1.0
2,3,720.2,268.6,72.33999999999992,38.5,1,1,1.0
3,1,209.12,251.56,94.07,40.29000000000002,1,1,1.0
3,2,73.9,340.7,140.87,59.900000000000034,1,1,1.0
3,3,706.2,270.9,75.69999999999993,38.28000000000003,1,1,1.0
4,1,209.7,252.0,93.49000000000001,40.39999999999998,1,1,1.0
4,2,47.89,344.9,143.70999999999998,62.200000000000045,1,1,1.0
4,3,692.7,273.02,75.89999999999998,38.28000000000003,1,1,1.0
5,1,208.4,251.3,94.78999999999999,40.39999999999998,1,1,1.0
5,2,22.99,347.3,146.91,62.75999999999999,1,1,1.0
5,3,677.95,274.2,77.44999999999993,39.50999999999999,1,1,1.0
6,1,208.62,251.48,94.57,40.37000000000003,1,1,1.0
6,2,0.0,352.2,147.56,64.19999999999999,1,1,1.0
6,3,664.77,275.0,77.73000000000002,41.629999999999995,1,1,1.0
7,1,208.83,251.67,94.35999999999999,40.33000000000001,1,1,1.0
7,2,0.0,355.6,122.9,66.09999999999997,1,1,1.0
7,3,650.2,277.9,78.79999999999995,41.34000000000003,1,1,1.0
8,1,209.05,251.85,94.13999999999999,40.29999999999998,1,1,1.0
8,2,0.0,359.0,102.4,68.0,1,1,1.0
8,3,634.94,278.4,81.65999999999997,43.07000000000005,1,1,1.0
9,1,209.27,252.03,93.91999999999999,40.27000000000001,1,1,1.0
9,2,0.0,362.8,77.87,58.0,1,1,1.0
9,3,620.9,280.8,82.55000000000007,43.610000000000014,1,1,1.0
10,1,209.48,252.22,93.71000000000001,40.22999999999999,1,1,1.0
10,2,0.0,367.8,52.5,56.39999999999998,1,1,1.0
10,3,604.4,282.6,84.39999999999998,44.549999999999955,1,1,1.0
11,1,209.7,252.4,93.49000000000001,40.20000000000002,1,1,1.0
11,2,0.0,375.4,29.0,52.5,1,1,1.0
11,3,589.7,284.1,85.5,43.56,1,1,1.0
12,1,208.1,252.2,95.09,40.400000000000034,1,1,1.0
12,3,574.64,285.8,85.46000000000004,45.46999999999997,1,1,1.0
13,1,207.65,252.5,95.53999999999999,40.10000000000002,1,1,1.0
13,3,559.54,287.7,86.96000000000004,44.420000000000016,1,1,1.0
14,1,207.2,252.4,95.99000000000001,40.20000000000002,1,1,1.0
14,3,542.99,291.1,88.11000000000001,47.23999999999995,1,1,1.0
15,1,207.27,252.63,95.62999999999997,39.97000000000003,1,1,1.0
15,3,527.94,291.86,89.75999999999999,47.74000000000001,1,1,1.0
16,1,207.33,252.87,95.27000000000001,39.73000000000002,1,1,1.0
16,3,509.5,295.0,92.0,48.620000000000005,1,1,1.0
17,1,207.04,253.1,95.79999999999998,39.50000000000003,1,1,1.0
17,3,492.3,298.0,94.69999999999999,48.48000000000002,1,1,1.0
18,1,206.5,251.8,94.39999999999998,40.80000000000001,1,1,1.0
18,3,473.69,299.9,96.60999999999996,50.120000000000005,1,1,1.0
19,1,206.5,251.8,95.80000000000001,40.80000000000001,1,1,1.0
19,3,458.37,302.5,96.62,50.81,1,1,1.0
20,1,207.4,252.25,95.15,40.89999999999998,1,1,1.0
20,3,439.06,305.3,97.33999999999997,52.25,1,1,1.0
21,1,208.3,252.7,94.5,41.0,1,1,1.0
21,3,423.79,307.4,98.70999999999998,52.700000000000045,1,1,1.0
22,1,208.3,252.7,94.5,40.97000000000003,1,1,1.0
22,3,405.05,310.9,102.44999999999999,53.60000000000002,1,1,1.0
23,1,208.3,252.7,94.5,40.93000000000001,1,1,1.0
23,3,385.8,313.4,105.69999999999999,55.26000000000005,1,1,1.0
24,1,208.3,252.7,94.5,40.900000000000034,1,1,1.0
24,3,366.7,317.8,107.80000000000001,55.55000000000001,1,1,1.0
25,1,208.3,252.7,94.5,40.870000000000005,1,1,1.0
25,3,347.43,320.6,109.87,57.129999999999995,1,1,1.0
26,1,208.3,252.7,94.5,40.829999999999984,1,1,1.0
26,3,327.22,322.2,113.38,59.22000000000003,1,1,1.0
27,1,208.3,252.7,94.5,40.80000000000001,1,1,1.0
27,3,307.99,326.3,113.81,58.420000000000016,1,1,1.0
28,1,208.3,252.7,94.53999999999996,40.80000000000001,1,1,1.0
28,3,287.2,331.2,115.40000000000003,58.400000000000034,1,1,1.0
29,1,208.3,252.7,94.58999999999997,40.80000000000001,1,1,1.0
29,3,264.47,333.9,119.82999999999998,59.78000000000003,1,1,1.0
30,1,208.3,252.7,94.63,40.80000000000001,1,1,1.0
30,3,243.6,337.6,123.57000000000002,60.77999999999997,1,1,1.0
31,1,208.3,252.7,94.68,40.80000000000001,1,1,1.0
31,3,223.45,340.1,123.05000000000001,61.46999999999997,1,1,1.0
32,1,208.3,252.7,94.71999999999997,40.80000000000001,1,1,1.0
32,3,198.1,345.3,129.6,63.15999999999997,1,1,1.0
33,1,208.3,252.7,94.76999999999998,40.80000000000001,1,1,1.0
33,3,175.6,348.2,130.77,65.46000000000004,1,1,1.0
34,1,208.3,252.7,94.81,40.80000000000001,1,1,1.0
34,3,149.07,351.9,138.82999999999998,67.30000000000001,1,1,1.0
35,1,208.3,252.7,94.86000000000001,40.80000000000001,1,1,1.0
35,3,124.9,357.1,140.6,68.85999999999996,1,1,1.0
36,1,208.3,252.7,94.89999999999998,40.80000000000001,1,1,1.0
36,3,100.07,360.86,146.63,68.86000000000001,1,1,1.0
37,1,208.3,252.7,95.09999999999997,40.80000000000001,1,1,1.0
37,3,72.49,364.6,149.91000000000003,70.88999999999999,1,1,1.0
38,1,208.3,252.7,95.07,40.75,1,1,1.0
38,3,45.29,367.2,153.51000000000002,75.13999999999999,1,1,1.0
39,1,208.3,252.7,95.05000000000001,40.710000000000036,1,1,1.0
39,3,16.47,374.5,158.33,74.08999999999997,1,1,1.0
40,1,208.3,252.7,95.01999999999998,40.660000000000025,1,1,1.0
40,3,0.0,380.2,151.16,75.07999999999998,1,1,1.0
41,1,208.3,252.7,94.99000000000001,40.610000000000014,1,1,1.0
41,3,0.0,382.7,124.1,77.75999999999999,1,1,1.0
42,1,208.3,252.7,94.96999999999997,40.56999999999999,1,1,1.0
42,3,0.0,386.9,101.0,80.90000000000003,1,1,1.0
43,1,208.3,252.7,94.94,40.52000000000004,1,1,1.0
43,3,0.0,394.0,75.9,62.69999999999999,1,1,1.0
44,1,208.3,252.7,94.90999999999997,40.47000000000003,1,1,1.0
44,3,0.0,402.6,49.6,62.0,1,1,1.0
45,1,208.3,252.7,94.88999999999999,40.43000000000001,1,1,1.0
45,3,0.0,413.4,24.2,54.200000000000045,1,1,1.0
46,1,208.3,252.7,94.86000000000001,40.379999999999995,1,1,1.0
47,1,208.3,252.7,94.82999999999998,40.329999999999984,1,1,1.0
48,1,208.3,252.7,94.81,40.29000000000002,1,1,1.0
49,1,208.3,252.7,94.77999999999997,40.24000000000001,1,1,1.0
50,1,208.3,252.7,94.75,40.19,1,1,1.0
51,1,208.3,252.7,94.72999999999996,40.150000000000034,1,1,1.0
51,4,946.06,230.65,13.940000000000055,48.17999999999998,1,1,1.0
52,1,208.3,252.7,94.69999999999999,40.10000000000002,1,1,1.0
52,4,945.7,228.1,14.299999999999955,51.400000000000006,1,1,1.0
53,1,208.3,252.7,94.69999999999999,40.19999999999999,1,1,1.0
53,4,942.5,225.5,17.5,56.19999999999999,1,1,1.0
54,1,208.3,252.7,94.69999999999999,40.30000000000001,1,1,1.0
54,4,937.4,226.2,22.600000000000023,61.30000000000001,1,1,1.0
55,1,208.3,252.7,94.69999999999999,40.400000000000034,1,1,1.0
55,4,932.3,226.2,27.700000000000045,61.30000000000001,1,1,1.0
56,1,208.3,252.7,94.69999999999999,40.5,1,1,1.0
56,4,927.5,225.2,32.5,64.5,1,1,1.0
57,1,208.3,252.7,94.69999999999999,40.60000000000002,1,1,1.0
57,4,923.6,225.2,36.39999999999998,66.69999999999999,1,1,1.0
58,1,208.3,252.7,94.69999999999999,40.69999999999999,1,1,1.0
58,4,917.5,225.2,42.5,68.0,1,1,1.0
59,1,208.3,252.7,94.69999999999999,40.80000000000001,1,1,1.0
59,4,912.4,225.2,47.60000000000002,69.60000000000002,1,1,1.0
60,1,208.48,253.59,94.70000000000002,40.51000000000002,1,1,1.0
60,4,907.6,225.2,52.39999999999998,72.19999999999999,1,1,1.0
61,1,208.3,254.3,94.69999999999999,40.099999999999966,1,1,1.0
61,4,903.1,225.2,56.89999999999998,72.19999999999999,1,1,1.0
62,1,208.5,254.6,94.5,40.20000000000002,1,1,1.0
62,4,897.0,225.2,63.0,75.10000000000002,1,1,1.0
63,1,208.5,254.67,94.5,40.16,1,1,1.0
63,4,891.2,225.2,68.79999999999995,76.40000000000003,1,1,1.0
64,1,208.5,254.73,94.5,40.140000000000015,1,1,1.0
64,4,886.1,225.2,73.89999999999998,77.40000000000003,1,1,1.0
65,1,208.5,254.8,94.5,40.099999999999966,1,1,1.0
65,4,879.7,225.2,80.29999999999995,79.30000000000001,1,1,1.0
66,1,208.5,254.97,94.5,40.26000000000002,1,1,1.0
66,4,873.9,225.2,86.10000000000002,81.19999999999999,1,1,1.0
67,1,208.5,255.15,94.5,40.400000000000006,1,1,1.0
67,4,866.8,225.2,93.20000000000005,82.19999999999999,1,1,1.0
68,1,208.5,255.32,94.5,40.56,1,1,1.0
68,4,859.7,225.2,100.29999999999995,84.40000000000003,1,1,1.0
69,1,208.5,255.5,94.5,40.69999999999999,1,1,1.0
69,4,853.9,225.2,106.10000000000002,85.0,1,1,1.0
70,1,208.5,255.7,94.5,40.85000000000002,1,1,1.0
70,4,847.2,225.9,112.79999999999995,86.49999999999997,1,1,1.0
71,1,208.5,255.9,94.5,40.99999999999997,1,1,1.0
71,4,840.1,226.8,119.89999999999998,87.5,1,1,1.0
72,1,208.5,255.86,94.5,41.00999999999999,1,1,1.0
72,4,833.0,227.8,127.0,88.39999999999998,1,1,1.0
73,1,208.5,255.81,94.5,41.02999999999997,1,1,1.0
73,4,828.1,229.4,131.89999999999998,88.4,1,1,1.0
74,1,208.5,255.77,94.5,41.03999999999999,1,1,1.0
74,4,820.2,229.7,139.79999999999995,88.19999999999999,1,1,1.0
75,1,208.5,255.73,94.5,41.06000000000003,1,1,1.0
75,4,809.4,232.0,150.60000000000002,89.5,1,1,1.0
76,1,208.5,255.69,94.5,41.06999999999999,1,1,1.0
76,4,803.8,233.0,156.20000000000005,89.19999999999999,1,1,1.0
77,1,208.5,255.64,94.5,41.09000000000003,1,1,1.0
77,4,796.3,234.0,163.70000000000005,90.5,1,1,1.0
78,1,208.5,255.6,94.5,41.099999999999994,1,1,1.0
78,4,787.8,234.7,170.60000000000002,92.69999999999999,1,1,1.0
78,5,780.92,260.58,19.200000000000045,26.590000000000032,1,1,1.0
79,1,208.5,255.56,94.5,41.110000000000014,1,1,1.0
79,4,776.7,235.4,174.79999999999995,93.29999999999998,1,1,1.0
79,5,769.84,260.6,19.959999999999923,26.939999999999998,1,1,1.0
80,1,208.5,255.51,94.5,41.129999999999995,1,1,1.0
80,4,768.5,236.1,177.79999999999995,95.9,1,1,1.0
80,5,760.98,260.97,22.519999999999982,26.939999999999998,1,1,1.0
80,6,946.8,236.75,11.980000000000018,36.110000000000014,1,1,1.0
81,1,208.5,255.47,94.5,41.140000000000015,1,1,1.0
81,4,762.0,236.4,180.0,94.9,1,1,1.0
81,5,751.75,261.7,23.950000000000045,28.05000000000001,1,1,1.0
81,6,941.2,236.42,11.969999999999914,36.109999999999985,1,1,1.0
82,1,208.5,255.43,94.5,41.15999999999997,1,1,1.0
82,4,752.5,237.1,184.29999999999995,97.79999999999998,1,1,1.0
82,5,741.41,262.1,26.889999999999986,28.75999999999999,1,1,1.0
82,6,936.9,237.08,9.350000000000023,36.109999999999985,1,1,1.0
83,1,208.5,255.39,94.5,41.170000000000016,1,1,1.0
83,4,744.0,239.39,186.29999999999995,97.80000000000001,1,1,1.0
83,5,730.3,262.1,28.0,29.870000000000005,1,1,1.0
83,6,930.31,237.41,9.350000000000023,36.109999999999985,1,1,1.0
84,1,208.5,255.34,94.5,41.18999999999997,1,1,1.0
84,4,734.8,239.39,188.96000000000004,98.81,1,1,1.0
84,5,719.59,261.4,28.409999999999968,31.310000000000002,1,1,1.0
84,6,923.71,237.74,9.349999999999909,36.110000000000014,1,1,1.0
85,1,208.5,255.3,94.5,41.19999999999999,1,1,1.0
85,4,725.31,240.04,192.8900000000001,100.76000000000002,1,1,1.0
85,5,708.88,259.6,31.32000000000005,34.579999999999984,1,1,1.0
85,6,917.12,239.06,9.350000000000023,36.110000000000014,1,1,1.0
86,1,208.34,255.28,94.05999999999997,41.02000000000001,1,1,1.0
86,4,717.14,240.9,194.56000000000006,100.22999999999999,1,1,1.0
86,5,698.91,261.8,31.32000000000005,31.639999999999986,1,1,1.0
86,6,911.85,240.38,9.350000000000023,36.110000000000014,1,1,1.0
87,1,208.18,255.26,93.62,40.84000000000003,1,1,1.0
87,4,705.8,241.87,200.82000000000005,103.82999999999998,1,1,1.0
87,5,687.47,263.28,31.309999999999945,31.640000000000043,1,1,1.0
87,6,906.24,242.7,9.350000000000023,35.110000000000014,1,1,1.0
88,1,208.02,255.24,93.17999999999998,40.65999999999997,1,1,1.0
88,4,699.8,244.04,198.60000000000002,103.84,1,1,1.0
88,5,675.3,263.65,33.879999999999995,31.640000000000043,1,1,1.0
88,6,898.33,243.0,9.349999999999909,34.14999999999998,1,1,1.0
89,1,207.86,255.22,93.58999999999997,40.47999999999999,1,1,1.0
89,4,691.58,244.5,200.31999999999994,106.30000000000001,1,1,1.0
89,5,664.58,264.91,33.879999999999995,31.639999999999986,1,1,1.0
89,6,891.43,244.48,9.350000000000023,34.150000000000006,1,1,1.0
90,1,207.7,255.2,94.0,40.30000000000001,1,1,1.0
90,4,679.97,245.7,206.63,106.80000000000001,1,1,1.0
90,5,651.65,265.9,33.879999999999995,32.5,1,1,1.0
90,6,886.82,245.4,9.349999999999909,33.22999999999999,1,1,1.0
91,1,207.6,255.2,94.27000000000001,40.30000000000001,1,1,1.0
91,4,665.95,247.15,213.94999999999993,106.79999999999998,1,1,1.0
91,5,640.61,265.3,38.59000000000003,35.620000000000005,1,1,1.0
91,6,880.08,245.8,9.349999999999909,34.06999999999999,1,1,1.0
92,1,207.5,255.2,94.52999999999997,40.30000000000001,1,1,1.0
92,4,654.83,247.9,217.37,107.98999999999998,1,1,1.0
92,5,627.68,264.98,40.82000000000005,35.629999999999995,1,1,1.0
92,6,871.93,246.7,9.350000000000023,33.52000000000004,1,1,1.0
93,1,207.4,255.2,94.79999999999998,40.30000000000001,1,1,1.0
93,4,643.82,248.5,221.07999999999993,110.94999999999999,1,1,1.0
93,5,616.32,266.6,70.4799999999999,33.69,1,1,1.0
93,6,865.01,247.2,10.990000000000009,31.900000000000034,1,1,1.0
94,1,207.4,255.2,93.89000000000001,40.30000000000001,1,1,1.0
94,4,632.47,249.6,225.02999999999997,112.67999999999998,1,1,1.0
94,5,603.71,266.6,73.28999999999996,33.06,1,1,1.0
94,6,856.32,247.38,10.989999999999895,32.920000000000016,1,1,1.0
95,1,207.4,255.2,92.97,40.30000000000001,1,1,1.0
95,4,621.54,250.8,229.46000000000004,114.13999999999999,1,1,1.0
95,5,592.04,267.23,74.96000000000004,33.06,1,1,1.0
95,6,850.29,247.91,9.009999999999991,32.28999999999999,1,1,1.0
96,1,207.4,255.2,92.05999999999997,40.30000000000001,1,1,1.0
96,4,608.24,251.7,234.26,117.38,1,1,1.0
96,5,578.48,267.86,80.22000000000003,33.06,1,1,1.0
96,6,841.78,248.62,9.009999999999991,32.98000000000002,1,1,1.0
97,1,207.4,255.2,91.14000000000001,40.30000000000001,1,1,1.0
97,4,597.1,253.2,238.39999999999998,117.97000000000003,1,1,1.0
97,5,565.86,268.49,82.34000000000003,33.06,1,1,1.0
97,6,834.5,249.3,10.600000000000023,31.060000000000002,1,1,1.0
98,1,207.4,255.2,90.22999999999999,40.30000000000001,1,1,1.0
98,4,586.02,254.2,240.98000000000002,120.53000000000003,1,1,1.0
98,5,552.61,270.07,87.38999999999999,33.06,1,1,1.0
98,6,824.0,250.5,10.100000000000023,27.69999999999999,1,1,1.0
99,1,207.4,255.2,89.30999999999997,40.30000000000001,1,1,1.0
99,4,572.99,255.8,248.01,120.51999999999998,1,1,1.0
99,5,543.78,269.75,83.51999999999998,33.06999999999999,1,1,1.0
99,6,817.8,251.61,7.970000000000027,27.889999999999986,1,1,1.0
100,1,207.4,255.2,88.4,40.30000000000001,1,1,1.0
100,4,559.64,258.7,251.86,122.07,1,1,1.0
100,5,526.58,270.61,88.71999999999991,33.06,1,1,1.0
100,6,752.3,251.4,63.0,10.999999999999972,1,1,1.0
101,1,207.4,255.2,90.36999999999998,40.30000000000001,1,1,1.0
101,4,546.19,262.3,256.2099999999999,122.82,1,1,1.0
101,5,510.67,271.9,95.12999999999994,33.06,1,1,1.0
101,6,735.7,251.1,66.79999999999995,13.299999999999983,1,1,1.0
102,1,207.4,255.2,92.33000000000001,40.30000000000001,1,1,1.0
102,4,532.74,261.5,262.15999999999997,126.77999999999997,1,1,1.0
102,5,498.63,271.5,95.13,34.75,1,1,1.0
102,6,731.4,251.4,62.80000000000007,14.299999999999983,1,1,1.0
103,1,207.4,255.2,94.29999999999998,40.30000000000001,1,1,1.0
103,4,519.69,262.7,267.30999999999995,129.14,1,1,1.0
103,5,485.37,271.09,95.12,34.75,1,1,1.0
103,6,720.1,252.45,65.03999999999996,14.29000000000002,1,1,1.0
104,1,207.4,255.2,94.29999999999998,40.18000000000001,1,1,1.0
104,4,505.45,263.1,272.84999999999997,131.90999999999997,1,1,1.0
104,5,472.1,271.92,99.29999999999995,34.75,1,1,1.0
104,6,709.48,251.4,65.03999999999996,14.299999999999983,1,1,1.0
104,7,949.15,230.94,10.850000000000023,34.75,1,1,1.0
105,1,207.4,255.2,94.29999999999998,40.06,1,1,1.0
105,4,490.41,263.5,277.98999999999995,133.88,1,1,1.0
105,5,458.0,274.0,102.20000000000005,34.69999999999999,1,1,1.0
105,6,697.8,253.14,66.97000000000003,14.300000000000011,1,1,1.0
105,7,945.2,227.2,14.799999999999955,38.49000000000001,1,1,1.0
106,1,207.4,255.2,94.29999999999998,39.94,1,1,1.0
106,4,476.17,266.3,282.33,137.01,1,1,1.0
106,5,443.08,274.8,91.82,35.96999999999997,1,1,1.0
106,6,683.09,253.95,73.00999999999999,14.300000000000011,1,1,1.0
106,7,940.5,214.3,19.5,53.89999999999998,1,1,1.0
107,1,207.4,255.2,94.29999999999998,39.81999999999999,1,1,1.0
107,4,460.35,267.1,290.25,138.58999999999997,1,1,1.0
107,5,429.39,274.8,101.81000000000006,35.96999999999997,1,1,1.0
107,6,671.25,255.52,73.00999999999999,14.299999999999983,1,1,1.0
107,7,936.6,214.2,23.399999999999977,53.69999999999999,1,1,1.0
108,1,207.4,255.2,94.29999999999998,39.69999999999999,1,1,1.0
108,4,445.71,268.7,295.79,142.92000000000002,1,1,1.0
108,5,414.06,274.8,105.14000000000004,36.389999999999986,1,1,1.0
108,6,658.9,255.3,75.08000000000004,14.870000000000005,1,1,1.0
108,7,932.2,213.9,27.799999999999955,54.70000000000002,1,1,1.0
109,1,207.4,255.2,94.29999999999998,39.579999999999984,1,1,1.0
109,4,428.31,269.9,302.89000000000004,146.07000000000005,1,1,1.0
109,5,399.96,275.21,105.94,36.39000000000004,1,1,1.0
109,6,646.88,255.87,75.09000000000003,14.300000000000011,1,1,1.0
109,7,929.8,213.8,30.200000000000045,55.30000000000001,1,1,1.0
110,1,207.4,255.2,94.29999999999998,39.460000000000036,1,1,1.0
110,4,411.68,272.6,308.11999999999995,148.87,1,1,1.0
110,5,386.28,275.63,105.94000000000005,36.379999999999995,1,1,1.0
110,6,625.81,256.6,86.09000000000003,18.789999999999964,1,1,1.0
110,7,922.9,214.1,37.10000000000002,56.099999999999994,1,1,1.0
111,1,207.4,255.2,94.29999999999998,39.34000000000003,1,1,1.0
111,4,395.17,273.4,315.33,150.89000000000004,1,1,1.0
111,5,372.6,277.29,105.94,36.379999999999995,1,1,1.0
111,6,612.23,257.3,88.87,18.439999999999998,1,1,1.0
111,7,919.2,214.1,40.799999999999955,56.78999999999999,1,1,1.0
112,1,207.4,255.2,94.29999999999998,39.22000000000003,1,1,1.0
112,4,377.44,276.2,323.76000000000005,152.92000000000002,1,1,1.0
112,5,358.9,277.7,108.86000000000001,36.389999999999986,1,1,1.0
112,6,598.3,257.82,91.13,19.180000000000007,1,1,1.0
112,7,915.0,214.46,45.0,57.119999999999976,1,1,1.0
113,1,207.4,255.2,94.29999999999998,39.10000000000002,1,1,1.0
113,4,358.91,277.4,330.19,154.90000000000003,1,1,1.0
113,5,343.15,278.53,108.85000000000002,36.39000000000004,1,1,1.0
113,6,580.0,258.17,97.24000000000001,23.629999999999995,1,1,1.0
113,7,909.2,214.81,50.799999999999955,57.44999999999999,1,1,1.0
114,1,207.4,255.2,94.29999999999998,38.93000000000001,1,1,1.0
114,4,340.78,279.01,337.82000000000005,157.29000000000002,1,1,1.0
114,5,329.46,279.77,108.86000000000001,36.39000000000004,1,1,1.0
114,6,568.16,258.34,97.24000000000001,23.630000000000052,1,1,1.0
114,7,904.8,215.17,55.200000000000045,57.78,1,1,1.0
115,1,207.4,255.2,94.29999999999998,38.77000000000004,1,1,1.0
115,4,321.48,281.43,346.65,162.07,1,1,1.0
115,5,314.12,281.02,108.86000000000001,36.379999999999995,1,1,1.0
115,6,554.75,259.04,97.24000000000001,23.629999999999995,1,1,1.0
115,7,900.1,215.53,59.89999999999998,58.109999999999985,1,1,1.0
116,1,207.4,255.2,94.29999999999998,38.60000000000002,1,1,1.0
116,4,302.34,283.0,354.26000000000005,165.86,1,1,1.0
116,5,300.44,281.85,108.86000000000001,36.379999999999995,1,1,1.0
116,6,542.73,260.26,97.24000000000001,23.629999999999995,1,1,1.0
116,7,894.17,215.89,65.83000000000004,58.44,1,1,1.0
117,1,207.4,255.2,94.29999999999998,38.80000000000001,1,1,1.0
117,4,281.67,280.7,364.22999999999996,176.57999999999998,1,1,1.0
117,5,282.6,282.68,113.0,36.379999999999995,1,1,1.0
117,6,528.28,261.83,97.24000000000001,23.629999999999995,1,1,1.0
117,7,889.2,216.24,70.79999999999995,58.15999999999997,1,1,1.0
118,1,207.4,255.2,94.29999999999998,38.69999999999999,1,1,1.0
118,4,259.46,285.3,373.44,175.03999999999996,1,1,1.0
118,5,268.11,284.33,111.78999999999996,38.47000000000003,1,1,1.0
118,6,507.38,261.8,108.01999999999998,32.539999999999964,1,1,1.0
118,7,884.2,216.6,75.79999999999995,58.52000000000001,1,1,1.0
119,1,207.4,255.2,94.29999999999998,37.879999999999995,1,1,1.0
119,4,241.09,287.6,380.30999999999995,177.33999999999997,1,1,1.0
119,5,251.11,285.2,115.88999999999999,40.09000000000003,1,1,1.0
119,6,490.83,261.8,108.03000000000003,32.539999999999964,1,1,1.0
119,7,879.5,216.2,78.60000000000002,59.639999999999986,1,1,1.0
120,1,207.4,255.2,94.29999999999998,37.05000000000001,1,1,1.0
120,4,218.9,289.13,390.25,181.17000000000002,1,1,1.0
120,5,235.35,286.44,115.9,40.089999999999975,1,1,1.0
120,6,478.12,264.41,108.01999999999998,32.539999999999964,1,1,1.0
120,7,873.38,217.8,79.67999999999995,58.76999999999998,1,1,1.0
121,1,207.4,255.2,94.29999999999998,36.23000000000002,1,1,1.0
121,4,194.4,292.19,402.5,186.51,1,1,1.0
121,5,219.6,287.27,115.89000000000001,40.09000000000003,1,1,1.0
121,6,463.8,265.3,109.80000000000001,36.0,1,1,1.0
121,7,868.8,217.7,81.0,59.59000000000003,1,1,1.0
122,1,207.4,255.2,94.29999999999998,35.400000000000034,1,1,1.0
122,4,171.4,294.49,413.25,192.61,1,1,1.0
122,5,202.6,288.5,117.50000000000003,40.51999999999998,1,1,1.0
122,6,450.74,265.1,108.36000000000001,38.120000000000005,1,1,1.0
122,7,863.0,218.06,81.63999999999999,59.94999999999999,1,1,1.0
123,1,207.4,255.2,94.45000000000002,37.150000000000034,1,1,1.0
123,4,147.7,298.32,423.17,195.68,1,1,1.0
123,5,185.61,289.0,119.69,41.639999999999986,1,1,1.0
123,6,435.59,266.8,100.70999999999998,37.81,1,1,1.0
123,7,856.73,218.41,83.53999999999996,60.32000000000002,1,1,1.0
124,1,207.4,255.2,94.6,38.900000000000034,1,1,1.0
124,4,120.1,299.85,437.75,199.54999999999995,1,1,1.0
124,5,168.88,289.81,119.69999999999999,41.639999999999986,1,1,1.0
124,6,421.13,266.6,110.97000000000003,39.049999999999955,1,1,1.0
124,7,850.46,218.77,85.43999999999994,60.68999999999997,1,1,1.0
125,1,207.4,255.2,94.6,39.06999999999999,1,1,1.0
125,4,94.1,302.15,451.5,204.95000000000005,1,1,1.0
125,5,151.62,291.7,120.77999999999997,41.639999999999986,1,1,1.0
125,6,407.0,266.9,112.90999999999997,40.32000000000005,1,1,1.0
125,7,845.6,219.12,84.99000000000001,61.06,1,1,1.0
126,1,207.4,255.2,94.6,39.23000000000002,1,1,1.0
126,4,65.8,304.44,463.71999999999997,211.85999999999996,1,1,1.0
126,5,133.01,292.5,123.99000000000001,42.72000000000003,1,1,1.0
126,6,390.6,267.25,114.67999999999995,42.55000000000001,1,1,1.0
126,7,839.8,219.9,86.70000000000005,60.99999999999997,1,1,1.0
127,1,207.4,255.2,94.6,39.400000000000034,1,1,1.0
127,4,37.5,307.51,479.0,214.89,1,1,1.0
127,5,116.55,294.4,123.45,42.44,1,1,1.0
127,6,377.2,267.95,114.84000000000003,43.55000000000001,1,1,1.0
127,7,834.5,220.21,86.55999999999995,61.41,1,1,1.0
128,1,207.4,255.2,94.6,39.56999999999999,1,1,1.0
128,4,9.2,308.27,493.52000000000004,221.83000000000004,1,1,1.0
128,5,99.56,295.5,123.44,43.5,1,1,1.0
128,6,362.0,268.64,116.45999999999998,44.860000000000014,1,1,1.0
128,7,827.88,220.3,89.12,62.05000000000001,1,1,1.0
129,1,207.4,255.2,94.6,39.73000000000002,1,1,1.0
129,4,0.0,312.87,486.64,224.92999999999995,1,1,1.0
129,5,80.67,296.8,126.42999999999999,43.81999999999999,1,1,1.0
129,6,346.7,269.69,118.0,45.410000000000025,1,1,1.0
129,7,822.0,220.64,89.60000000000002,62.43000000000001,1,1,1.0
130,1,207.4,255.2,94.6,39.900000000000034,1,1,1.0
130,4,0.0,313.63,470.56,224.94000000000005,1,1,1.0
130,5,61.52,298.4,128.28,44.379999999999995,1,1,1.0
130,6,331.72,271.25,118.88,45.420000000000016,1,1,1.0
130,7,815.25,220.98,90.66999999999996,62.41999999999999,1,1,1.0
131,1,207.4,255.2,94.6,40.06999999999999,1,1,1.0
131,4,0.0,317.46,456.02,222.54000000000002,1,1,1.0
131,5,41.56,299.7,132.04,46.04000000000002,1,1,1.0
131,6,317.09,271.6,121.11000000000001,45.41999999999996,1,1,1.0
131,7,809.08,221.32,91.7299999999999,62.879999999999995,1,1,1.0
132,1,207.4,255.2,94.6,40.23000000000002,1,1,1.0
132,4,0.0,321.29,440.7,218.70999999999998,1,1,1.0
132,5,22.95,299.7,131.25,47.389999999999986,1,1,1.0
132,6,301.42,272.6,120.27999999999997,47.02999999999997,1,1,1.0
132,7,802.9,221.66,92.80000000000007,63.34,1,1,1.0
133,1,207.4,255.2,94.6,40.400000000000034,1,1,1.0
133,4,0.0,324.35,423.86,215.64999999999998,1,1,1.0
133,5,4.06,302.1,132.64,47.69,1,1,1.0
133,6,285.4,274.0,122.70000000000005,47.01999999999998,1,1,1.0
133,8,685.3,533.8,52.530000000000086,6.2000000000000455,1,1,1.0
133,7,795.77,222.0,93.43000000000006,63.80000000000001,1,1,1.0
134,1,207.4,255.2,94.6,39.670000000000016,1,1,1.0
134,4,0.77,327.42,403.95000000000005,212.57999999999998,1,1,1.0
134,5,0.0,303.45,119.17,47.69,1,1,1.0
134,6,269.38,275.04,122.69999999999999,47.02999999999997,1,1,1.0
134,8,687.6,528.2,77.79999999999995,11.799999999999955,1,1,1.0
134,7,788.6,222.9,93.95999999999992,63.70000000000002,1,1,1.0
135,1,207.4,255.2,94.6,38.93000000000001,1,1,1.0
135,4,0.0,329.71,387.11,210.29000000000002,1,1,1.0
135,5,0.0,305.61,101.9,47.69,1,1,1.0
135,6,253.7,275.7,122.69999999999999,48.460000000000036,1,1,1.0
135,8,688.5,521.2,105.5,18.799999999999955,1,1,1.0
135,7,781.9,223.5,95.0,63.89999999999998,1,1,1.0
136,1,207.4,255.2,94.6,38.19999999999999,1,1,1.0
136,4,0.0,333.54,370.26,206.45999999999998,1,1,1.0
136,5,0.0,308.57,82.21,47.69,1,1,1.0
136,6,237.33,276.9,123.36999999999998,49.170000000000016,1,1,1.0
136,8,696.88,516.9,113.62,23.100000000000023,1,1,1.0
136,7,773.7,223.5,97.69999999999993,63.89999999999998,1,1,1.0
137,1,207.4,255.2,94.6,36.69999999999999,1,1,1.0
137,4,0.0,335.84,349.59,204.16000000000003,1,1,1.0
137,5,0.0,310.19,64.4,45.50999999999999,1,1,1.0
137,6,220.9,278.1,125.95000000000002,50.69999999999999,1,1,1.0
137,8,704.3,510.2,128.4000000000001,29.80000000000001,1,1,1.0
137,7,767.96,223.78,96.74000000000001,63.900000000000006,1,1,1.0
138,1,207.4,255.2,94.6,37.52000000000004,1,1,1.0
138,4,0.0,339.67,329.68,200.32999999999998,1,1,1.0
138,5,0.0,311.3,45.52,43.05000000000001,1,1,1.0
138,6,202.84,278.7,129.26000000000002,51.75999999999999,1,1,1.0
138,8,711.4,504.2,132.80000000000007,35.80000000000001,1,1,1.0
138,7,759.6,224.2,99.63999999999999,64.60000000000002,1,1,1.0
139,1,207.4,255.2,94.6,38.34000000000003,1,1,1.0
139,4,0.0,345.03,312.07,194.97000000000003,1,1,1.0
139,5,0.0,316.2,27.18,40.31,1,1,1.0
139,6,186.73,279.3,129.26000000000002,51.75999999999999,1,1,1.0
139,8,716.7,498.2,137.89999999999998,41.80000000000001,1,1,1.0
139,7,752.18,225.2,101.32000000000005,64.72000000000003,1,1,1.0
140,1,207.4,255.2,94.6,39.160000000000025,1,1,1.0
140,4,0.0,348.09,288.34,191.91000000000003,1,1,1.0
140,5,0.0,322.9,7.21,25.52000000000004,1,1,1.0
140,6,170.63,280.66,129.26,51.75,1,1,1.0
140,8,723.6,493.1,138.10000000000002,46.89999999999998,1,1,1.0
140,7,744.96,225.5,101.93999999999994,64.42000000000002,1,1,1.0
141,1,207.4,255.2,94.6,39.98000000000002,1,1,1.0
141,4,0.0,351.92,268.43,188.07999999999998,1,1,1.0
141,6,152.7,281.41,132.29000000000002,52.98999999999995,1,1,1.0
141,8,735.05,487.4,134.75,52.60000000000002,1,1,1.0
141,7,737.44,225.8,102.55999999999995,64.71999999999997,1,1,1.0
142,1,207.4,255.2,94.6,40.80000000000001,1,1,1.0
142,4,0.0,355.74,247.0,184.26,1,1,1.0
142,6,135.54,282.31,132.29,52.99000000000001,1,1,1.0
142,8,746.5,481.7,131.39999999999998,58.30000000000001,1,1,1.0
142,7,728.71,226.5,104.38999999999999,65.22000000000003,1,1,1.0
143,1,207.4,255.34,94.6,40.66,1,1,1.0
143,4,0.0,360.34,224.8,179.66000000000003,1,1,1.0
143,6,118.1,284.42,135.43,53.47999999999996,1,1,1.0
143,8,756.2,476.6,130.69999999999993,63.39999999999998,1,1,1.0
143,7,720.59,227.0,105.30999999999995,65.32999999999998,1,1,1.0
144,1,207.4,255.48,94.6,40.52000000000001,1,1,1.0
144,4,0.0,364.17,202.59,175.82999999999998,1,1,1.0
144,6,100.6,284.6,136.19,55.89999999999998,1,1,1.0
144,8,766.41,472.6,127.38999999999999,67.39999999999998,1,1,1.0
144,7,712.89,228.2,106.71000000000004,65.06,1,1,1.0
145,1,207.4,255.61,94.6,40.389999999999986,1,1,1.0
145,4,0.0,368.0,175.79,172.0,1,1,1.0
145,6,82.8,285.44,139.36,56.95999999999998,1,1,1.0
145,8,776.61,467.1,124.99000000000001,72.89999999999998,1,1,1.0
145,7,704.17,227.9,108.23000000000002,66.26000000000002,1,1,1.0
146,1,207.4,255.75,94.6,40.25,1,1,1.0
146,4,0.0,373.35,152.82,166.64999999999998,1,1,1.0
146,6,64.62,286.69,139.35999999999999,56.95999999999998,1,1,1.0
146,8,784.77,461.5,124.02999999999997,78.5,1,1,1.0
146,7,697.25,227.9,108.23000000000002,66.6,1,1,1.0
147,1,207.4,255.89,94.6,40.110000000000014,1,1,1.0
147,4,0.0,377.18,130.62,162.82,1,1,1.0
147,6,45.81,286.7,141.29,58.420000000000016,1,1,1.0
147,8,795.49,457.1,120.11000000000001,82.89999999999998,1,1,1.0
147,7,687.3,228.5,110.05000000000007,67.5,1,1,1.0
148,1,207.4,256.03,94.6,39.97000000000003,1,1,1.0
148,4,0.0,380.25,102.29,159.75,1,1,1.0
148,6,28.25,289.0,142.55,58.829999999999984,1,1,1.0
148,8,805.76,450.4,117.44000000000005,87.21000000000004,1,1,1.0
148,7,678.27,229.1,112.73000000000002,67.50000000000003,1,1,1.0
149,1,207.4,256.16,94.6,39.839999999999975,1,1,1.0
149,4,0.0,386.37,75.49,153.63,1,1,1.0
149,6,8.61,290.3,145.69,59.829999999999984,1,1,1.0
149,8,813.98,447.4,116.12,85.58000000000004,1,1,1.0
149,7,674.1,228.5,109.67999999999995,67.5,1,1,1.0
150,1,207.4,256.3,94.6,39.69999999999999,1,1,1.0
150,4,0.0,394.03,48.7,145.97000000000003,1,1,1.0
150,6,0.0,291.53,137.06,59.83000000000004,1,1,1.0
150,8,824.0,442.5,113.20000000000005,83.71000000000004,1,1,1.0
150,7,665.5,229.41,110.14999999999998,67.48999999999998,1,1,1.0
151,1,207.4,256.3,94.6,39.920000000000016,1,1,1.0
151,4,0.0,404.75,18.83,135.25,1,1,1.0
151,6,0.0,293.5,119.83,59.829999999999984,1,1,1.0
151,8,829.6,439.5,113.19999999999993,81.24000000000001,1,1,1.0
151,7,655.96,230.0,110.93999999999994,69.31,1,1,1.0
152,1,207.4,256.3,94.6,40.129999999999995,1,1,1.0
152,6,0.0,294.98,101.6,61.81999999999999,1,1,1.0
152,8,838.2,433.9,110.39999999999998,82.11000000000001,1,1,1.0
152,7,647.6,229.7,111.79999999999995,69.00999999999999,1,1,1.0
153,1,207.4,256.3,94.6,40.349999999999966,1,1,1.0
153,6,0.0,295.72,84.4,56.67999999999995,1,1,1.0
153,8,847.0,432.0,107.30999999999995,78.11000000000001,1,1,1.0
153,7,638.6,229.93,112.69999999999993,69.46999999999997,1,1,1.0
154,1,207.4,256.3,94.6,40.56999999999999,1,1,1.0
154,6,0.0,297.2,66.42,56.68000000000001,1,1,1.0
154,8,854.23,426.92,105.47000000000003,77.38,1,1,1.0
154,7,629.8,230.38,114.20000000000005,69.47000000000003,1,1,1.0
155,1,207.4,256.3,94.6,40.77999999999997,1,1,1.0
155,6,0.0,298.92,48.94,56.68000000000001,1,1,1.0
155,8,862.33,423.4,97.66999999999996,74.23000000000002,1,1,1.0
155,7,620.0,230.6,114.63999999999999,69.46000000000001,1,1,1.0
156,1,207.4,256.3,94.6,41.0,1,1,1.0
156,6,0.0,302.12,30.23,56.68000000000001,1,1,1.0
156,8,869.8,420.12,90.20000000000005,73.13,1,1,1.0
156,7,611.1,231.87,115.87,69.46999999999997,1,1,1.0
157,1,207.4,257.0,94.6,40.80000000000001,1,1,1.0
157,6,0.0,305.32,12.25,46.079999999999984,1,1,1.0
157,8,875.0,416.83,85.0,72.05000000000001,1,1,1.0
157,7,600.9,232.09,116.92000000000007,70.10999999999999,1,1,1.0
158,1,207.4,257.7,94.6,40.60000000000002,1,1,1.0
158,8,883.4,412.6,76.60000000000002,74.5,1,1,1.0
158,7,591.3,232.73,117.80000000000007,70.10999999999999,1,1,1.0
159,1,207.4,257.64,94.6,40.610000000000014,1,1,1.0
159,8,889.25,409.8,70.75,68.89999999999998,1,1,1.0
159,7,580.4,232.94,119.75999999999999,72.25999999999999,1,1,1.0
160,1,207.4,257.59,94.6,40.610000000000014,1,1,1.0
160,8,895.1,406.0,64.89999999999998,67.39999999999998,1,1,1.0
160,7,570.0,232.73,121.22000000000003,72.66999999999999,1,1,1.0
161,1,207.4,257.53,94.6,40.63000000000005,1,1,1.0
161,8,901.5,400.3,58.5,68.19999999999999,1,1,1.0
161,7,558.9,233.15,122.74000000000001,72.85,1,1,1.0
162,1,207.4,257.47,94.6,40.639999999999986,1,1,1.0
162,8,907.6,399.7,52.39999999999998,64.90000000000003,1,1,1.0
162,7,549.3,232.94,122.98000000000002,75.16000000000003,1,1,1.0
163,1,207.4,257.42,94.6,40.639999999999986,1,1,1.0
163,8,912.6,396.56,47.39999999999998,64.14999999999998,1,1,1.0
163,7,545.68,233.8,117.0200000000001,74.50999999999999,1,1,1.0
164,1,207.4,257.36,94.6,40.64999999999998,1,1,1.0
164,8,918.2,393.7,41.799999999999955,63.110000000000014,1,1,1.0
164,7,528.02,234.2,124.27999999999997,74.11000000000001,1,1,1.0
165,1,207.4,257.3,94.6,40.670000000000016,1,1,1.0
165,8,924.7,390.47,35.299999999999955,62.44,1,1,1.0
165,7,516.1,235.45,126.76999999999998,74.35000000000002,1,1,1.0
166,1,207.4,257.25,94.6,40.670000000000016,1,1,1.0
166,8,930.3,387.23,29.700000000000045,61.789999999999964,1,1,1.0
166,7,504.7,235.88,128.45999999999998,74.72000000000003,1,1,1.0
167,1,207.4,257.19,94.6,40.68000000000001,1,1,1.0
167,8,935.0,384.0,25.0,61.120000000000005,1,1,1.0
167,7,493.5,237.35,128.67999999999995,74.04999999999998,1,1,1.0
168,1,207.4,257.13,94.6,40.69,1,1,1.0
168,8,940.4,384.0,19.600000000000023,57.39999999999998,1,1,1.0
168,7,482.5,238.41,129.53999999999996,73.39000000000001,1,1,1.0
169,1,207.4,257.08,94.6,40.69,1,1,1.0
169,8,945.1,385.8,14.899999999999977,51.599999999999966,1,1,1.0
169,7,472.4,238.62,129.93000000000006,74.48000000000002,1,1,1.0
170,1,207.4,257.02,94.6,40.710000000000036,1,1,1.0
170,8,951.2,391.5,8.799999999999955,41.39999999999998,1,1,1.0
170,7,459.52,238.83,132.68000000000006,74.47999999999999,1,1,1.0
171,1,207.4,256.97,94.6,40.70999999999998,1,1,1.0
171,8,954.1,392.2,5.899999999999977,36.900000000000034,1,1,1.0
171,7,448.8,239.68,132.62999999999994,74.48000000000002,1,1,1.0
172,1,207.4,256.91,94.6,40.71999999999997,1,1,1.0
172,7,437.8,239.46,131.58999999999997,75.93999999999997,1,1,1.0
173,1,207.4,256.85,94.6,40.72999999999996,1,1,1.0
173,7,424.71,240.3,133.08999999999997,76.15999999999997,1,1,1.0
174,1,207.4,256.8,94.6,40.72999999999996,1,1,1.0
174,7,413.9,240.7,122.0,75.75999999999999,1,1,1.0
175,1,207.4,256.74,94.6,40.75,1,1,1.0
175,7,400.7,240.7,135.2,75.75999999999999,1,1,1.0
176,1,207.4,256.68,94.6,40.75999999999999,1,1,1.0
176,7,390.9,240.47,134.77999999999997,77.33000000000001,1,1,1.0
177,1,207.4,256.63,94.6,40.75999999999999,1,1,1.0
177,7,379.3,240.25,135.93,78.94999999999999,1,1,1.0
178,1,207.4,256.57,94.6,40.76999999999998,1,1,1.0
178,7,368.4,240.5,137.3,78.47000000000003,1,1,1.0
179,1,207.4,256.51,94.6,40.79000000000002,1,1,1.0
179,7,356.27,240.5,138.03000000000003,80.11000000000001,1,1,1.0
180,1,207.4,256.46,94.6,40.79000000000002,1,1,1.0
180,7,343.7,241.2,139.88,80.10000000000002,1,1,1.0
181,1,207.4,256.4,94.6,40.80000000000001,1,1,1.0
181,7,333.4,241.2,140.15000000000003,79.40000000000003,1,1,1.0
182,1,207.4,256.25,94.6,40.39999999999998,1,1,1.0
182,7,320.5,241.0,141.57,80.10000000000002,1,1,1.0
183,1,207.4,256.1,94.6,40.0,1,1,1.0
183,7,309.6,241.4,142.39,79.79999999999998,1,1,1.0
184,1,207.4,256.1,92.67999999999998,40.0,1,1,1.0
184,7,299.6,241.9,142.19,79.99999999999997,1,1,1.0
185,1,207.4,256.1,90.74999999999997,40.0,1,1,1.0
185,7,288.2,242.89,142.89,80.71000000000004,1,1,1.0
186,1,207.4,256.1,88.83000000000001,40.0,1,1,1.0
186,7,277.7,243.89,142.69,80.41000000000003,1,1,1.0
187,1,207.4,256.1,86.9,40.0,1,1,1.0
187,7,264.1,243.89,144.79999999999995,84.00999999999999,1,1,1.0
188,1,207.4,256.1,76.99999999999997,39.19999999999999,1,1,1.0
188,7,253.2,244.57,145.10000000000002,82.63,1,1,1.0
189,1,207.4,256.1,64.29999999999998,39.19999999999999,1,1,1.0
189,7,239.7,245.26,146.46000000000004,82.44,1,1,1.0
190,1,207.4,256.1,53.400000000000006,39.19999999999999,1,1,1.0
190,7,227.0,245.8,148.64,82.39999999999998,1,1,1.0
